# High-quality glosses: ≥60% of sentence tokens have a matching sign.
#
0002 0169 0378 0002
0014 0376 0014 0156
0017 0542 0017 0378 0023
0018 0018 0378 0024
0021 0532 0378 0021
0026 0532 0378 0026
0027 0542 0323 0378 0027
0029 0487 0656 0159
0031 0521 0031 0578 0156
0032 0043 0378 0730
0033 0033 0156
0034 0034 0753 0048
0036 0036 0378 0128
0037 0045 0037 0198
0038 0046 0378 0038
0040 0034 0046 0040
0043 0043 0346 0340
0045 0045 0048 0159
0046 0046 0047
0049 0049 0064
0051 0451 0051 0204
0052 0035 0378 0044
0053 0378 0065
0055 0055 0156
0058 0377 0058 0495
0062 0062 0156
0065 0065 0176 0575
0069 0162 0655 0098
0070 0416 0156
0072 0427 0457 0217
0076 0376 0035 0378 0730
0077 0447 0098
0078 0451 0378 0066 0159
0081 0454 0378 0033
0082 0482 0159
0084 0151 0521
0085 0176 0048
0087 0416 0217
0089 0482 0656 0159
0090 0523 0082 0578 0156
0092 0378 0164
0093 0521 0252
0100 0249 0378 0066
0101 0088 0043 0378 0730
0103 0091 0526 0378 0633
0105 0093 0378 0252
0107 0095 0500 0339
0108 0520 0378 0070
0112 0099 0432
0116 0364 0526
0117 0365 0521 0031
0118 0101 0159
0119 0523 0082 0578 0156
0120 0500 0103
0121 0523 0104 0378 0164
0122 0105 0657 0688
0123 0106 0657 0108
0124 0500 0107
0127 0110 0578 0156
0128 0500 0111
0129 0523 0112 0576 0156
0130 0523 0113 0683
0131 0114 0378 0103
0133 0101 0116
0134 0082 0117
0136 0376 0119 0159
0137 0376 0120
0140 0589 0162
0141 0684 0156
0142 0500 0683
0147 0156 0169
0150 0159 0376 0174
0152 0378 0164 0521 0730
0153 0378 0163 0509
0155 0166 0205
0158 0169 0575
0161 0172 0157
0162 0376 0378 0173 0098
0163 0376 0174
0164 0175 0048 0159
0165 0176 0044 0575
0166 0177 0152
0167 0178 0378 0252
0169 0451 0481
0170 0542 0181 0156
0172 0153 0183 0378
0173 0184 0559 0156
0175 0186 0378 0163
0176 0187 0156
0177 0378 0188
0178 0189 0374 0181
0179 0153 0190
0180 0191 0159
0181 0128 0192 0156
0182 0071 0193
0184 0672 0194
0185 0136 0196
0186 0197 0195
0187 0078 0198
0189 0078 0200
0190 0153 0201 0378 0258
0194 0692 0205
0195 0206 0062
0196 0644 0207
0200 0231 0211
0203 0101 0378 0123
0204 0378 0124 0657 0098
0207 0127 0156
0208 0377 0378 0128 0149
0210 0378 0130 0559
0211 0378 0131
0212 0378 0132
0213 0133 0156
0219 0516 0139 0378 0162
0222 0378 0142
0227 0147 0577 0133
0229 0644 0149 0152
0230 0066 0150
0231 0098 0378 0195 0583 0165
0232 0172 0205 0156
0238 0045 0578 0164
0242 0046 0282 0098
0243 0493 0225 0198
0244 0501 0249 0378 0066
0246 0377 0378 0129
0248 0771 0273 0080
0262 0088 0378 0047
0263 0657 0034 0577 0048
0264 0058 0378 0172
0266 0282 0598
0281 0500 0217
0282 0532 0156
0283 0532 0577 0252
0284 0532 0576 0044
0289 0485 0037
0303 0322 0156
0305 0292 0250
0318 0387 0149 0390
0319 0427 0459
0321 0164 0398
0324 0104 0164
0344 0578 0156
0345 0578 0165
0346 0578 0166
0347 0578 0167
0348 0165 0579
0349 0166 0579
0351 0167 0579
0359 0630 0361
0362 0630 0172
0364 0630 0252
0376 0126 0379
0381 0142 0173
0387 0128 0136
0388 0142 0277
0389 0090 0088
0390 0090 0089
0391 0090 0367
0392 0090 0369
0395 0061 0031
0396 0459 0332
0436 0635 0196
0437 0090 0367
0438 0090 0369
